bin/SubsetTool/test.asc
ncols	101
nrows	146
xllcorner	122500.000000
yllcorner	2526600.000000
cellsize	2000.000000
NODATA_value	-1.00000
[rows 29 to 57 of 146, columns 0 to 64 of 101]
-1.00000 -1.00000 -1.00000 -1.00000 -1.00000 -1.00000 -1.00000 -1.00000 -1.00000 -1.00000 -1.00000 -1.00000 -1.00000 -1.00000 -1.00000 -1.00000 -1.00000 -1.00000 -1.00000 -1.00000 0.81992 0.81952 0.81902 0.81917 0.82251 0.82925 0.83768 0.84569 0.85178 0.85725 0.86475 0.87475 0.88379 0.88856 0.88734 0.88100 0.87404 0.86904 0.86593 0.86456 0.86374 0.86042 0.85228 0.83735 0.81525 0.79032 0.76923 0.76318 0.77565 0.80263 0.83600 0.86847 0.89331 0.90573 0.91041 0.91201 0.91256 0.91331 0.91434 0.91534 0.91569 0.91369 0.90547 0.88999 0.87049
-1.00000 -1.00000 -1.00000 -1.00000 -1.00000 -1.00000 -1.00000 -1.00000 -1.00000 -1.00000 -1.00000 -1.00000 -1.00000 -1.00000 -1.00000 -1.00000 -1.00000 -1.00000 -1.00000 -1.00000 0.81982 0.81947 0.81916 0.81944 0.82260 0.82943 0.83801 0.84663 0.85391 0.86089 0.86885 0.87864 0.88903 0.89657 0.89864 0.89516 0.89097 0.88822 0.88606 0.88462 0.88332 0.88055 0.87469 0.86374 0.84694 0.82448 0.80005 0.78573 0.78667 0.80030 0.82166 0.84611 0.86911 0.88654 0.89958 0.90835 0.91204 0.91342 0.91456 0.91549 0.91567 0.91460 0.90822 0.89495 0.87685
-1.00000 -1.00000 -1.00000 -1.00000 -1.00000 -1.00000 -1.00000 -1.00000 -1.00000 -1.00000 -1.00000 -1.00000 -1.00000 -1.00000 -1.00000 -1.00000 -1.00000 -1.00000 -1.00000 -1.00000 0.81949 0.81902 0.81872 0.81908 0.82212 0.82852 0.83715 0.84678 0.85593 0.86500 0.87431 0.88368 0.89293 0.90096 0.90534 0.90502 0.90344 0.90236 0.90139 0.90001 0.89861 0.89629 0.89243 0.88527 0.87339 0.85392 0.82830 0.80678 0.79784 0.79988 0.80951 0.82425 0.84115 0.85907 0.87880 0.89648 0.90767 0.91294 0.91460 0.91543 0.91564 0.91496 0.91060 0.90012 0.88397
-1.00000 -1.00000 -1.00000 -1.00000 -1.00000 -1.00000 -1.00000 -1.00000 -1.00000 -1.00000 -1.00000 -1.00000 -1.00000 -1.00000 -1.00000 -1.00000 -1.00000 -1.00000 -1.00000 -1.00000 0.81917 0.81820 0.81767 0.81811 0.82068 0.82612 0.83417 0.84467 0.85621 0.86757 0.87852 0.88833 0.89656 0.90362 0.90808 0.90908 0.90892 0.90876 0.90868 0.90835 0.90764 0.90638 0.90434 0.90053 0.89261 0.87634 0.85079 0.82449 0.80731 0.80025 0.80106 0.80774 0.81833 0.83293 0.85339 0.87613 0.89470 0.90691 0.91277 0.91503 0.91553 0.91506 0.91255 0.90482 0.89015
-1.00000 -1.00000 -1.00000 -1.00000 -1.00000 -1.00000 -1.00000 -1.00000 -1.00000 -1.00000 -1.00000 -1.00000 -1.00000 -1.00000 -1.00000 -1.00000 -1.00000 -1.00000 -1.00000 -1.00000 -1.00000 0.81762 0.81720 0.81803 0.82016 0.82435 0.83154 0.84212 0.85474 0.86771 0.87987 0.89024 0.89834 0.90492 0.90871 0.90932 0.90934 0.90942 0.90974 0.91005 0.91015 0.90981 0.90913 0.90768 0.90309 0.89060 0.86712 0.83926 0.81666 0.80307 0.79781 0.79857 0.80368 0.81370 0.83025 0.85156 0.87244 0.88969 0.90139 0.90912 0.91334 0.91482 0.91375 0.90768 0.89392
-1.00000 -1.00000 -1.00000 -1.00000 -1.00000 -1.00000 -1.00000 -1.00000 -1.00000 -1.00000 -1.00000 -1.00000 -1.00000 -1.00000 -1.00000 -1.00000 -1.00000 -1.00000 -1.00000 -1.00000 -1.00000 0.81697 0.81765 0.81960 0.82224 0.82601 0.83252 0.84199 0.85315 0.86534 0.87709 0.88750 0.89605 0.90318 0.90771 0.90891 0.90889 0.90891 0.90919 0.90925 0.90902 0.90858 0.90808 0.90698 0.90399 0.89565 0.87738 0.85212 0.82809 0.81115 0.80199 0.79817 0.79852 0.80311 0.81268 0.82734 0.84510 0.86301 0.87894 0.89255 0.90347 0.91078 0.91305 0.90752 0.89398
-1.00000 -1.00000 -1.00000 -1.00000 -1.00000 -1.00000 -1.00000 -1.00000 -1.00000 -1.00000 -1.00000 -1.00000 -1.00000 -1.00000 -1.00000 -1.00000 -1.00000 -1.00000 -1.00000 -1.00000 -1.00000 -1.00000 0.81886 0.82241 0.82664 0.83151 0.83761 0.84490 0.85286 0.86159 0.87073 0.87992 0.88892 0.89752 0.90462 0.90817 0.90854 0.90793 0.90686 0.90546 0.90429 0.90359 0.90321 0.90219 0.89959 0.89430 0.88258 0.86380 0.84313 0.82636 0.81473 0.80721 0.80277 0.80095 0.80254 0.80875 0.82019 0.83461 0.85072 0.86750 0.88359 0.89765 0.90574 0.90273 0.88949
-1.00000 -1.00000 -1.00000 -1.00000 -1.00000 -1.00000 -1.00000 -1.00000 -1.00000 -1.00000 -1.00000 -1.00000 -1.00000 -1.00000 -1.00000 -1.00000 -1.00000 -1.00000 -1.00000 -1.00000 -1.00000 -1.00000 0.81996 0.82585 0.83227 0.83907 0.84515 0.85012 0.85434 0.85870 0.86374 0.86965 0.87731 0.88693 0.89717 0.90493 0.90724 0.90531 0.90198 0.89816 0.89532 0.89454 0.89488 0.89481 0.89345 0.89032 0.88456 0.87393 0.85985 0.84614 0.83405 0.82375 0.81441 0.80577 0.79958 0.79797 0.80223 0.81131 0.82406 0.83988 0.85752 0.87571 0.88905 0.89083 0.88092
-1.00000 -1.00000 -1.00000 -1.00000 -1.00000 -1.00000 -1.00000 -1.00000 -1.00000 -1.00000 -1.00000 -1.00000 -1.00000 -1.00000 -1.00000 -1.00000 -1.00000 -1.00000 -1.00000 -1.00000 -1.00000 -1.00000 0.81130 0.82914 0.83866 0.84664 0.85228 0.85560 0.85709 0.85721 0.85642 0.85594 0.85908 0.86799 0.88097 0.89307 0.89957 0.89911 0.89399 0.88783 0.88370 0.88314 0.88490 0.88671 0.88750 0.88626 0.88372 0.87965 0.87329 0.86565 0.85621 0.84419 0.82948 0.81424 0.80164 0.79425 0.79292 0.79695 0.80494 0.81664 0.83234 0.85116 0.86742 0.87394 0.86950
-1.00000 -1.00000 -1.00000 -1.00000 -1.00000 -1.00000 -1.00000 -1.00000 -1.00000 -1.00000 -1.00000 -1.00000 -1.00000 -1.00000 -1.00000 -1.00000 -1.00000 -1.00000 -1.00000 -1.00000 -1.00000 -1.00000 -1.00000 -1.00000 -1.00000 -1.00000 0.85728 0.85900 0.85844 0.85457 0.84710 0.83896 0.83580 0.84169 0.85473 0.86947 0.88099 0.88558 0.88251 0.87577 0.87120 0.87162 0.87554 0.87983 0.88281 0.88357 0.88283 0.88170 0.88009 0.87777 0.87283 0.86083 0.84182 0.82125 0.80475 0.79447 0.79021 0.79054 0.79434 0.80159 0.81398 0.83083 0.84739 0.85723 0.85794
-1.00000 -1.00000 -1.00000 -1.00000 -1.00000 -1.00000 -1.00000 -1.00000 -1.00000 -1.00000 -1.00000 -1.00000 -1.00000 -1.00000 -1.00000 -1.00000 -1.00000 -1.00000 -1.00000 -1.00000 -1.00000 -1.00000 -1.00000 -1.00000 -1.00000 0.85731 0.85970 0.86004 0.85771 0.85081 0.83794 0.82260 0.81248 0.81274 0.82307 0.83836 0.85301 0.86319 0.86589 0.86275 0.85973 0.86190 0.86812 0.87481 0.87967 0.88191 0.88235 0.88203 0.88151 0.88098 0.87847 0.86800 0.84822 0.82531 0.80650 0.79483 0.78982 0.78891 0.79017 0.79431 0.80382 0.81828 0.83385 0.84515 0.84907
-1.00000 -1.00000 -1.00000 -1.00000 -1.00000 -1.00000 -1.00000 -1.00000 -1.00000 -1.00000 -1.00000 -1.00000 -1.00000 -1.00000 -1.00000 -1.00000 -1.00000 -1.00000 -1.00000 -1.00000 -1.00000 -1.00000 -1.00000 -1.00000 -1.00000 0.86015 0.86040 0.86005 0.85682 0.84753 0.83048 0.80946 0.79322 0.78746 0.79297 0.80655 0.82259 0.83670 0.84598 0.85002 0.85160 0.85548 0.86316 0.87134 0.87753 0.88072 0.88193 0.88198 0.88157 0.88111 0.87860 0.86955 0.85114 0.82839 0.80860 0.79565 0.78978 0.78863 0.78972 0.79298 0.80085 0.81376 0.82823 0.83955 0.84470
-1.00000 -1.00000 -1.00000 -1.00000 -1.00000 -1.00000 -1.00000 -1.00000 -1.00000 -1.00000 -1.00000 -1.00000 -1.00000 -1.00000 -1.00000 -1.00000 -1.00000 -1.00000 -1.00000 -1.00000 -1.00000 -1.00000 -1.00000 -1.00000 -1.00000 -1.00000 0.86005 0.85950 0.85528 0.84345 0.82366 0.80009 0.78038 0.77067 0.77186 0.78270 0.79884 0.81576 0.83083 0.84183 0.84772 0.85159 0.85905 0.86807 0.87515 0.87929 0.88132 0.88198 0.88203 0.88179 0.87930 0.87120 0.85474 0.83348 0.81391 0.80019 0.79293 0.79041 0.79129 0.79533 0.80339 0.81580 0.82966 0.84011 0.84467
-1.00000 -1.00000 -1.00000 -1.00000 -1.00000 -1.00000 -1.00000 -1.00000 -1.00000 -1.00000 -1.00000 -1.00000 -1.00000 -1.00000 -1.00000 -1.00000 -1.00000 -1.00000 -1.00000 -1.00000 -1.00000 -1.00000 -1.00000 -1.00000 -1.00000 -1.00000 0.85900 0.85720 0.85104 0.83731 0.81669 0.79406 0.77555 0.76483 0.76366 0.77194 0.78758 0.80671 0.82557 0.83996 0.84653 0.84932 0.85580 0.86489 0.87276 0.87804 0.88097 0.88227 0.88292 0.88325 0.88165 0.87500 0.86122 0.84275 0.82484 0.81125 0.80247 0.79760 0.79705 0.80086 0.80909 0.82157 0.83515 0.84449 0.84754
-1.00000 -1.00000 -1.00000 -1.00000 -1.00000 -1.00000 -1.00000 -1.00000 -1.00000 -1.00000 -1.00000 -1.00000 -1.00000 -1.00000 -1.00000 -1.00000 -1.00000 -1.00000 -1.00000 -1.00000 -1.00000 -1.00000 -1.00000 -1.00000 -1.00000 -1.00000 0.85709 0.85325 0.84451 0.83000 0.81049 0.79097 0.77597 0.76747 0.76665 0.77387 0.78898 0.80907 0.82882 0.84181 0.84706 0.84865 0.85366 0.86275 0.87137 0.87748 0.88106 0.88285 0.88390 0.88471 0.88436 0.88055 0.87091 0.85651 0.84141 0.82883 0.81877 0.81144 0.80891 0.81153 0.81883 0.82994 0.84199 0.84976 0.85168
-1.00000 -1.00000 -1.00000 -1.00000 -1.00000 -1.00000 -1.00000 -1.00000 -1.00000 -1.00000 -1.00000 -1.00000 -1.00000 -1.00000 -1.00000 -1.00000 -1.00000 -1.00000 -1.00000 -1.00000 -1.00000 -1.00000 -1.00000 -1.00000 -1.00000 -1.00000 0.85508 0.84927 0.83824 0.82326 0.80615 0.79081 0.78009 0.77532 0.77719 0.78528 0.79968 0.81821 0.83498 0.84486 0.84795 0.84845 0.85265 0.86179 0.87095 0.87767 0.88164 0.88370 0.88474 0.88545 0.88560 0.88449 0.88000 0.87117 0.86021 0.84943 0.83942 0.83097 0.82642 0.82716 0.83250 0.84097 0.84961 0.85467 0.85535
-1.00000 -1.00000 -1.00000 -1.00000 -1.00000 -1.00000 -1.00000 -1.00000 -1.00000 -1.00000 -1.00000 -1.00000 -1.00000 -1.00000 -1.00000 -1.00000 -1.00000 -1.00000 -1.00000 -1.00000 -1.00000 -1.00000 -1.00000 -1.00000 -1.00000 0.85653 0.85297 0.84590 0.83426 0.81932 0.80544 0.79495 0.78897 0.78816 0.79228 0.80078 0.81389 0.82908 0.84143 0.84750 0.84844 0.84872 0.85282 0.86183 0.87113 0.87823 0.88250 0.88449 0.88522 0.88550 0.88546 0.88541 0.88416 0.88035 0.87434 0.86741 0.86003 0.85242 0.84688 0.84564 0.84829 0.85317 0.85769 0.85930 0.85795
-1.00000 -1.00000 -1.00000 -1.00000 -1.00000 -1.00000 -1.00000 -1.00000 -1.00000 -1.00000 -1.00000 -1.00000 -1.00000 -1.00000 -1.00000 -1.00000 -1.00000 -1.00000 -1.00000 -1.00000 -1.00000 -1.00000 -1.00000 -1.00000 -1.00000 0.85249 0.84756 0.84060 0.83073 0.81829 0.80827 0.80273 0.80142 0.80318 0.80760 0.81543 0.82658 0.83810 0.84597 0.84874 0.84876 0.84917 0.85330 0.86190 0.87111 0.87847 0.88303 0.88476 0.88499 0.88492 0.88490 0.88508 0.88465 0.88310 0.88074 0.87784 0.87412 0.86933 0.86502 0.86281 0.86300 0.86437 0.86480 0.86291 0.85989
-1.00000 -1.00000 -1.00000 -1.00000 -1.00000 -1.00000 -1.00000 -1.00000 -1.00000 -1.00000 -1.00000 -1.00000 -1.00000 -1.00000 -1.00000 -1.00000 -1.00000 -1.00000 -1.00000 -1.00000 -1.00000 -1.00000 -1.00000 -1.00000 -1.00000 0.84023 0.83585 0.83064 0.82404 0.81637 0.81110 0.80991 0.81137 0.81379 0.81837 0.82589 0.83538 0.84379 0.84838 0.84962 0.84956 0.85014 0.85387 0.86185 0.87107 0.87862 0.88319 0.88472 0.88456 0.88451 0.88467 0.88482 0.88441 0.88316 0.88154 0.88018 0.87907 0.87762 0.87579 0.87420 0.87307 0.87179 0.86937 0.86557 0.86188
-1.00000 -1.00000 -1.00000 -1.00000 -1.00000 -1.00000 -1.00000 -1.00000 -1.00000 -1.00000 -1.00000 -1.00000 -1.00000 -1.00000 -1.00000 -1.00000 -1.00000 -1.00000 -1.00000 -1.00000 -1.00000 -1.00000 -1.00000 -1.00000 -1.00000 0.81955 0.81797 0.81608 0.81347 0.81121 0.81100 0.81253 0.81471 0.81820 0.82428 0.83278 0.84175 0.84843 0.85183 0.85277 0.85271 0.85300 0.85605 0.86281 0.87148 0.87896 0.88332 0.88476 0.88466 0.88462 0.88476 0.88471 0.88423 0.88302 0.88152 0.88021 0.87937 0.87893 0.87860 0.87812 0.87689 0.87470 0.87148 0.86771 0.86436
-1.00000 -1.00000 -1.00000 -1.00000 -1.00000 -1.00000 -1.00000 -1.00000 -1.00000 -1.00000 -1.00000 -1.00000 -1.00000 -1.00000 -1.00000 -1.00000 -1.00000 -1.00000 -1.00000 -1.00000 -1.00000 -1.00000 -1.00000 -1.00000 0.79144 0.79482 0.79709 0.79888 0.80042 0.80320 0.80788 0.81162 0.81451 0.81977 0.82837 0.83872 0.84832 0.85524 0.85872 0.85952 0.85916 0.85907 0.86134 0.86659 0.87364 0.88008 0.88393 0.88522 0.88521 0.88506 0.88488 0.88471 0.88412 0.88285 0.88140 0.88020 0.87937 0.87867 0.87806 0.87766 0.87685 0.87510 0.87257 0.86967 0.86709
-1.00000 -1.00000 -1.00000 -1.00000 -1.00000 -1.00000 -1.00000 -1.00000 -1.00000 -1.00000 -1.00000 -1.00000 -1.00000 -1.00000 -1.00000 -1.00000 -1.00000 -1.00000 -1.00000 -1.00000 -1.00000 -1.00000 -1.00000 0.76758 0.77133 0.77515 0.77895 0.78305 0.78838 0.79567 0.80375 0.80961 0.81479 0.82251 0.83335 0.84584 0.85725 0.86527 0.86875 0.86893 0.86833 0.86804 0.86924 0.87265 0.87767 0.88237 0.88522 0.88598 0.88568 0.88551 0.88530 0.88491 0.88401 0.88262 0.88123 0.88007 0.87914 0.87822 0.87750 0.87701 0.87655 0.87549 0.87379 0.87181 0.86979
-1.00000 -1.00000 -1.00000 -1.00000 -1.00000 -1.00000 -1.00000 -1.00000 -1.00000 -1.00000 -1.00000 -1.00000 -1.00000 -1.00000 -1.00000 -1.00000 -1.00000 -1.00000 -1.00000 -1.00000 -1.00000 -1.00000 -1.00000 0.76458 0.76431 0.76547 0.76795 0.77203 0.77939 0.79017 0.80093 0.80973 0.81813 0.82843 0.84139 0.85561 0.86855 0.87682 0.87936 0.87888 0.87796 0.87746 0.87775 0.87948 0.88245 0.88529 0.88681 0.88670 0.88589 0.88534 0.88491 0.88426 0.88333 0.88206 0.88074 0.87956 0.87853 0.87757 0.87711 0.87697 0.87696 0.87664 0.87573 0.87435 0.87236
-1.00000 -1.00000 -1.00000 -1.00000 -1.00000 -1.00000 -1.00000 -1.00000 -1.00000 -1.00000 -1.00000 -1.00000 -1.00000 -1.00000 -1.00000 -1.00000 -1.00000 -1.00000 -1.00000 -1.00000 -1.00000 -1.00000 -1.00000 -1.00000 0.76353 0.76328 0.76422 0.76699 0.77445 0.78714 0.80105 0.81391 0.82604 0.83845 0.85217 0.86638 0.87875 0.88568 0.88679 0.88647 0.88561 0.88469 0.88437 0.88507 0.88646 0.88768 0.88788 0.88699 0.88514 0.88274 0.88066 0.87927 0.87870 0.87865 0.87827 0.87705 0.87574 0.87514 0.87559 0.87678 0.87809 0.87859 0.87837 0.87694 0.87226
-1.00000 -1.00000 -1.00000 -1.00000 -1.00000 -1.00000 -1.00000 -1.00000 -1.00000 -1.00000 -1.00000 -1.00000 -1.00000 -1.00000 -1.00000 -1.00000 -1.00000 -1.00000 -1.00000 -1.00000 -1.00000 -1.00000 -1.00000 0.76396 0.76356 0.76305 0.76314 0.76479 0.77180 0.78604 0.80436 0.82237 0.83833 0.85205 0.86440 0.87604 0.88528 0.88934 0.88975 0.88988 0.88961 0.88892 0.88839 0.88850 0.88889 0.88886 0.88796 0.88557 0.88088 0.87501 0.86996 0.86680 0.86659 0.86809 0.86883 0.86808 0.86734 0.86769 0.86967 0.87336 0.87748 0.88006 0.88071 0.87804 0.86856
-1.00000 -1.00000 -1.00000 -1.00000 -1.00000 -1.00000 -1.00000 -1.00000 -1.00000 -1.00000 -1.00000 -1.00000 -1.00000 -1.00000 -1.00000 -1.00000 -1.00000 -1.00000 -1.00000 -1.00000 -1.00000 -1.00000 -1.00000 0.76301 0.76320 0.76303 0.76281 0.76401 0.77106 0.78752 0.81103 0.83433 0.85327 0.86674 0.87618 0.88341 0.88801 0.88936 0.88975 0.89024 0.89046 0.89027 0.88996 0.88987 0.88959 0.88855 0.88633 0.88127 0.87233 0.86172 0.85274 0.84776 0.84750 0.85008 0.85186 0.85193 0.85229 0.85374 0.85758 0.86458 0.87263 0.87879 0.88155 0.87794 0.86414
-1.00000 -1.00000 -1.00000 -1.00000 -1.00000 -1.00000 -1.00000 -1.00000 -1.00000 -1.00000 -1.00000 -1.00000 -1.00000 -1.00000 -1.00000 -1.00000 -1.00000 -1.00000 -1.00000 -1.00000 -1.00000 -1.00000 0.76045 0.76177 0.76268 0.76313 0.76385 0.76580 0.77419 0.79286 0.81964 0.84663 0.86700 0.87901 0.88478 0.88763 0.88871 0.88878 0.88915 0.88976 0.88968 0.88906 0.88837 0.88773 0.88709 0.88555 0.88179 0.87392 0.86101 0.84613 0.83358 0.82666 0.82610 0.82909 0.83149 0.83219 0.83325 0.83571 0.84169 0.85210 0.86435 0.87458 0.88052 0.87802 0.86316
-1.00000 -1.00000 -1.00000 -1.00000 -1.00000 -1.00000 -1.00000 -1.00000 -1.00000 -1.00000 -1.00000 -1.00000 -1.00000 -1.00000 -1.00000 -1.00000 -1.00000 -1.00000 -1.00000 -1.00000 -1.00000 -1.00000 0.75965 0.76294 0.76559 0.76928 0.77417 0.77909 0.78881 0.80607 0.83025 0.85604 0.87540 0.88544 0.88831 0.88863 0.88836 0.88826 0.88850 0.88849 0.88745 0.88572 0.88377 0.88214 0.88090 0.87879 0.87411 0.86447 0.84909 0.83181 0.81774 0.80983 0.80868 0.81125 0.81345 0.81400 0.81496 0.81787 0.82545 0.83892 0.85485 0.86892 0.87838 0.87933 0.86747
-1.00000 -1.00000 -1.00000 -1.00000 -1.00000 -1.00000 -1.00000 -1.00000 -1.00000 -1.00000 -1.00000 -1.00000 -1.00000 -1.00000 -1.00000 -1.00000 -1.00000 -1.00000 -1.00000 -1.00000 -1.00000 -1.00000 -1.00000 0.77855 0.78413 0.79171 0.79989 0.80702 0.81558 0.82718 0.84393 0.86314 0.87849 0.88627 0.88814 0.88796 0.88765 0.88747 0.88729 0.88631 0.88404 0.88057 0.87667 0.87333 0.87089 0.86846 0.86367 0.85344 0.83765 0.82092 0.80784 0.80067 0.79917 0.80064 0.80192 0.80204 0.80221 0.80431 0.81225 0.82754 0.84615 0.86342 0.87601 0.88117 0.87531
