bin/SubsetTool/test.asc
ncols	101
nrows	146
xllcorner	122500.000000
yllcorner	2526600.000000
cellsize	2000.000000
NODATA_value	-1.00000
[rows 116 to 144 of 146, columns 0 to 64 of 101]
-1.00000 -1.00000 -1.00000 -1.00000 -1.00000 -1.00000 -1.00000 -1.00000 -1.00000 -1.00000 -1.00000 -1.00000 -1.00000 -1.00000 0.79003 0.78238 0.77260 0.76413 0.75987 0.76195 0.77079 0.78088 0.78269 0.77484 0.76438 0.75675 0.75350 0.75414 0.75590 0.75759 0.76170 0.76905 0.77842 0.78793 0.79568 0.79905 0.79861 0.79717 0.79770 0.80269 0.81228 0.82261 0.82991 0.83285 0.83335 0.83119 0.82143 0.80435 0.78492 0.76772 0.75681 0.75279 0.75298 0.75399 0.75552 0.75883 -1.00000 0.77188 0.77681 0.77966 0.78149 0.78263 0.78334 0.78412 -1.00000
-1.00000 -1.00000 -1.00000 -1.00000 -1.00000 -1.00000 -1.00000 -1.00000 -1.00000 -1.00000 -1.00000 -1.00000 -1.00000 -1.00000 -1.00000 0.77006 0.75566 0.74482 0.73990 0.74162 0.75115 0.76581 0.77699 0.77877 0.77493 0.77148 0.77065 0.77222 0.77260 0.77107 0.77138 0.77542 0.78216 0.78995 0.79654 0.79907 0.79739 0.79560 0.79705 0.80338 0.81408 0.82458 0.83091 0.83282 0.83329 0.83111 0.82115 0.80415 0.78425 0.76679 0.75638 0.75375 0.75505 0.75714 0.75969 0.76278 0.75905 0.77279 0.77716 0.77994 0.78184 0.78322 0.78423 0.78495 0.78605
-1.00000 -1.00000 -1.00000 -1.00000 -1.00000 -1.00000 -1.00000 -1.00000 -1.00000 -1.00000 -1.00000 -1.00000 -1.00000 -1.00000 -1.00000 0.75253 0.73647 0.72593 0.72128 0.72260 0.73166 0.74727 0.76336 0.77407 0.77905 0.78228 0.78586 0.79006 0.79145 0.78867 0.78615 0.78662 0.79018 0.79540 0.79988 0.79996 0.79603 0.79298 0.79468 0.80243 0.81459 0.82601 0.83239 0.83404 0.83431 0.83139 0.82072 0.80321 0.78281 0.76595 0.75717 0.75589 0.75798 0.76083 0.76404 0.76702 0.77007 -1.00000 0.77672 0.77926 0.78123 0.78286 0.78392 0.78458 0.78525
-1.00000 -1.00000 -1.00000 -1.00000 -1.00000 -1.00000 -1.00000 -1.00000 -1.00000 -1.00000 -1.00000 -1.00000 -1.00000 -1.00000 -1.00000 -1.00000 0.71854 0.71048 0.70690 0.70855 0.71720 0.73189 0.74890 0.76450 0.77661 0.78623 0.79435 0.80170 0.80521 0.80345 0.80052 0.79920 0.80016 0.80278 0.80433 0.80094 0.79450 0.79003 0.79192 0.80119 0.81515 0.82776 0.83483 0.83663 0.83652 0.83267 0.82137 0.80333 0.78280 0.76652 0.75889 0.75866 0.76130 0.76436 0.76766 0.77053 0.77265 0.77447 0.77649 0.77847 0.78022 0.78162 0.78250 0.78297 0.78321
-1.00000 -1.00000 -1.00000 -1.00000 -1.00000 -1.00000 -1.00000 -1.00000 -1.00000 -1.00000 -1.00000 -1.00000 -1.00000 -1.00000 -1.00000 -1.00000 0.70597 0.70122 0.69909 0.70146 0.70974 0.72300 0.73891 0.75554 0.77105 0.78399 0.79481 0.80420 0.80962 0.81067 0.80927 0.80817 0.80821 0.80894 0.80738 0.80128 0.79292 0.78730 0.78959 0.80024 0.81592 0.82982 0.83775 0.83994 0.83952 0.83487 0.82303 0.80524 0.78530 0.76896 0.76130 0.76149 0.76413 0.76721 0.77035 0.77285 0.77439 0.77536 0.77669 0.77833 0.77981 0.78064 0.78088 0.78085 0.77500
-1.00000 -1.00000 -1.00000 -1.00000 -1.00000 -1.00000 -1.00000 -1.00000 -1.00000 -1.00000 -1.00000 -1.00000 -1.00000 -1.00000 -1.00000 -1.00000 0.69885 0.69699 0.69713 0.70075 0.70887 0.72112 0.73601 0.75182 0.76743 0.77990 0.79093 0.80127 0.80843 0.81169 0.81202 0.81197 0.81189 0.81087 0.80698 0.79979 0.79091 0.78506 0.78756 0.79952 0.81643 0.83122 0.83975 0.84248 0.84222 0.83758 0.82663 0.81013 0.79125 0.77477 0.76547 0.76389 0.76583 0.76871 0.77154 0.77382 0.77529 0.77616 0.77730 0.77894 0.78035 0.78090 0.78053 0.78006 0.77995
-1.00000 -1.00000 -1.00000 -1.00000 -1.00000 -1.00000 -1.00000 -1.00000 -1.00000 -1.00000 -1.00000 -1.00000 -1.00000 -1.00000 -1.00000 0.69666 0.69618 0.69686 0.69981 0.70543 0.71418 0.72597 0.74025 0.75471 0.76686 0.77613 0.78634 0.79734 0.80572 0.81041 0.81183 0.81200 0.81146 0.80906 0.80410 0.79626 0.78764 0.78254 0.78586 0.79876 0.81652 0.83169 0.84057 0.84377 0.84386 0.84039 0.83172 0.81746 0.80003 0.78358 0.77194 0.76683 0.76667 0.76894 0.77165 0.77412 0.77602 0.77735 0.77855 0.78001 0.78117 0.78153 0.78115 0.78082 0.78109
-1.00000 -1.00000 -1.00000 -1.00000 -1.00000 -1.00000 -1.00000 -1.00000 -1.00000 -1.00000 -1.00000 -1.00000 -1.00000 -1.00000 -1.00000 -1.00000 -1.00000 -1.00000 0.70779 0.71527 0.72454 0.73595 0.74909 0.76067 0.76732 0.77289 0.78182 0.79230 0.80118 0.80698 0.80969 0.81055 0.80946 0.80573 0.79948 0.79123 0.78332 0.77936 0.78428 0.79832 0.81647 0.83187 0.84113 0.84450 0.84489 0.84283 0.83713 0.82591 0.81021 0.79367 0.77968 0.77076 0.76749 0.76868 0.77103 0.77349 0.77599 0.77813 0.77964 0.78095 0.78212 0.78257 0.78238 0.78234 0.78274
-1.00000 -1.00000 -1.00000 -1.00000 -1.00000 -1.00000 -1.00000 -1.00000 -1.00000 -1.00000 -1.00000 -1.00000 -1.00000 -1.00000 -1.00000 -1.00000 -1.00000 -1.00000 0.72119 0.72883 0.73722 0.74736 0.75802 0.76480 0.76661 0.76970 0.77655 0.78550 0.79402 0.80064 0.80494 0.80691 0.80572 0.80102 0.79368 0.78592 0.77949 0.77705 0.78345 0.79850 0.81681 0.83244 0.84198 0.84524 0.84534 0.84454 0.84178 0.83377 0.81972 0.80278 0.78680 0.77483 0.76858 0.76701 0.76702 0.76760 0.76923 0.77198 0.77527 0.77844 0.78152 0.78345 0.78369 0.78379 0.78406
-1.00000 -1.00000 -1.00000 -1.00000 -1.00000 -1.00000 -1.00000 -1.00000 -1.00000 -1.00000 -1.00000 -1.00000 -1.00000 -1.00000 -1.00000 -1.00000 -1.00000 -1.00000 0.74033 0.74420 0.74980 0.75772 0.76421 0.76603 0.76555 0.76657 0.77102 0.77777 0.78521 0.79256 0.79856 0.80153 0.80021 0.79497 0.78774 0.78132 0.77674 0.77600 0.78377 0.79965 0.81802 0.83356 0.84291 0.84586 0.84557 0.84525 0.84445 0.83876 0.82617 0.80926 0.79192 0.77786 0.76815 0.76165 0.75713 0.75387 0.75291 0.75495 0.75999 0.76654 0.77300 0.77874 0.78179 0.78304 0.78408
-1.00000 -1.00000 -1.00000 -1.00000 -1.00000 -1.00000 -1.00000 -1.00000 -1.00000 -1.00000 -1.00000 -1.00000 -1.00000 -1.00000 -1.00000 -1.00000 -1.00000 -1.00000 0.76466 0.76476 0.76753 0.77118 0.77220 0.77016 0.76733 0.76561 0.76757 0.77240 0.77919 0.78719 0.79384 0.79683 0.79489 0.78938 0.78277 0.77777 0.77511 0.77612 0.78518 0.80183 0.82039 0.83505 0.84310 0.84502 0.84452 0.84413 0.84375 0.83959 0.82839 0.81222 0.79519 0.77978 0.76565 0.75301 0.74315 0.73606 0.73258 0.73334 0.73860 0.74703 0.75618 0.76582 0.77324 0.77767 0.78084
-1.00000 -1.00000 -1.00000 -1.00000 -1.00000 -1.00000 -1.00000 -1.00000 -1.00000 -1.00000 -1.00000 -1.00000 -1.00000 -1.00000 -1.00000 -1.00000 -1.00000 -1.00000 -1.00000 -1.00000 -1.00000 0.79227 0.78679 0.77974 0.77314 0.76925 0.76981 0.77434 0.78153 0.78935 0.79500 0.79667 0.79343 0.78675 0.77975 0.77532 0.77391 0.77654 0.78633 0.80324 0.82142 0.83467 0.84089 0.84166 0.84075 0.84013 0.83941 0.83617 0.82702 0.81264 0.79724 0.78075 0.76245 0.74443 0.72984 0.71975 0.71469 0.71472 0.71978 0.72862 0.73912 0.75048 0.76005 0.76670 0.77176
-1.00000 -1.00000 -1.00000 -1.00000 -1.00000 -1.00000 -1.00000 -1.00000 -1.00000 -1.00000 -1.00000 -1.00000 -1.00000 -1.00000 -1.00000 -1.00000 -1.00000 -1.00000 0.82762 0.82211 0.81704 0.81137 0.80224 0.79179 0.78308 0.77854 0.77936 0.78506 0.79291 0.79968 0.80346 0.80272 0.79692 0.78792 0.77919 0.77391 0.77271 0.77608 0.78576 0.80218 0.81908 0.83065 0.83511 0.83504 0.83389 0.83313 0.83225 0.82972 0.82285 0.81172 0.79862 0.78170 0.76079 0.73933 0.72175 0.70972 0.70371 0.70370 0.70845 0.71657 0.72650 0.73732 0.74643 0.75306 0.75809
-1.00000 -1.00000 -1.00000 -1.00000 -1.00000 -1.00000 -1.00000 -1.00000 -1.00000 -1.00000 -1.00000 -1.00000 -1.00000 -1.00000 -1.00000 -1.00000 -1.00000 -1.00000 0.83775 0.83342 0.82863 0.82270 0.81407 0.80442 0.79622 0.79228 0.79428 0.80114 0.80911 0.81445 0.81618 0.81268 0.80380 0.79184 0.78077 0.77388 0.77134 0.77404 0.78273 0.79732 0.81271 0.82282 0.82636 0.82613 0.82524 0.82459 0.82396 0.82196 0.81732 0.81023 0.80026 0.78382 0.76190 0.73907 0.71987 0.70688 0.70089 0.70115 0.70497 0.71131 0.71916 0.72787 0.73548 0.74083 0.74444
-1.00000 -1.00000 -1.00000 -1.00000 -1.00000 -1.00000 -1.00000 -1.00000 -1.00000 -1.00000 -1.00000 -1.00000 -1.00000 -1.00000 -1.00000 -1.00000 -1.00000 -1.00000 0.83391 0.83675 0.83382 0.82949 0.82320 0.81608 0.81001 0.80768 0.81044 0.81698 0.82365 0.82761 0.82812 0.82290 0.81184 0.79735 0.78388 0.77491 0.77036 0.77101 0.77741 0.78955 0.80342 0.81321 0.81702 0.81749 0.81744 0.81721 0.81683 0.81535 0.81266 0.80940 0.80273 0.78731 0.76506 0.74177 0.72265 0.71025 0.70551 0.70587 0.70823 0.71212 0.71718 0.72301 0.72844 0.73228 0.73430
-1.00000 -1.00000 -1.00000 -1.00000 -1.00000 -1.00000 -1.00000 -1.00000 -1.00000 -1.00000 -1.00000 -1.00000 -1.00000 -1.00000 -1.00000 -1.00000 -1.00000 -1.00000 -1.00000 -1.00000 0.83516 0.83303 0.82948 0.82517 0.82156 0.82050 0.82322 0.82845 0.83315 0.83559 0.83543 0.82994 0.81832 0.80261 0.78734 0.77615 0.76997 0.76854 0.77200 0.78162 0.79379 0.80379 0.80931 0.81137 0.81208 0.81246 0.81228 0.81122 0.80998 0.80898 0.80445 0.79085 0.76893 0.74557 0.72745 0.71658 0.71340 0.71396 0.71521 0.71704 0.71950 0.72261 0.72586 0.72813 0.72869
-1.00000 -1.00000 -1.00000 -1.00000 -1.00000 -1.00000 -1.00000 -1.00000 -1.00000 -1.00000 -1.00000 -1.00000 -1.00000 -1.00000 -1.00000 -1.00000 -1.00000 -1.00000 -1.00000 -1.00000 0.83032 0.83428 0.83309 0.83108 0.82937 0.82912 0.83117 0.83464 0.83732 0.83841 0.83763 0.83232 0.82100 0.80542 0.78910 0.77620 0.76960 0.76785 0.76955 0.77624 0.78611 0.79613 0.80403 0.80841 0.80974 0.81003 0.80968 0.80909 0.80893 0.80868 0.80506 0.79371 0.77287 0.74918 0.73164 0.72295 0.72135 0.72166 0.72194 0.72224 0.72284 0.72366 0.72465 0.72660 -1.00000
-1.00000 -1.00000 -1.00000 -1.00000 -1.00000 -1.00000 -1.00000 -1.00000 -1.00000 -1.00000 -1.00000 -1.00000 -1.00000 -1.00000 -1.00000 -1.00000 -1.00000 -1.00000 -1.00000 -1.00000 0.83453 0.83503 0.83527 0.83484 0.83430 0.83418 0.83501 0.83634 0.83683 0.83631 0.83423 0.82889 0.81837 0.80352 0.78749 0.77488 0.76904 0.76784 0.76916 0.77414 0.78177 0.79105 0.80019 -1.00000 0.82540 -1.00000 0.80824 0.80814 0.80851 0.80868 0.80630 0.79725 0.77774 0.75140 0.73276 0.72682 0.72664 0.72655 0.72605 0.72538 0.72444 0.72335 0.72288 -1.00000 -1.00000
-1.00000 -1.00000 -1.00000 -1.00000 -1.00000 -1.00000 -1.00000 -1.00000 -1.00000 -1.00000 -1.00000 -1.00000 -1.00000 -1.00000 -1.00000 -1.00000 -1.00000 -1.00000 -1.00000 -1.00000 -1.00000 -1.00000 0.83604 0.83633 0.83623 0.83584 0.83567 0.83428 0.83120 0.82688 0.82183 0.81600 0.80797 0.79626 0.78284 0.77238 0.76770 0.76693 0.76812 0.77245 0.77911 0.78711 -1.00000 -1.00000 -1.00000 -1.00000 0.80754 0.80795 0.80833 0.80857 0.80764 0.80245 -1.00000 -1.00000 -1.00000 -1.00000 0.72817 0.72825 0.72777 0.72670 0.72513 -1.00000 -1.00000 -1.00000 -1.00000
-1.00000 -1.00000 -1.00000 -1.00000 -1.00000 -1.00000 -1.00000 -1.00000 -1.00000 -1.00000 -1.00000 -1.00000 -1.00000 -1.00000 -1.00000 -1.00000 -1.00000 -1.00000 -1.00000 -1.00000 -1.00000 -1.00000 0.83586 0.83613 0.83601 0.83529 0.83326 0.82832 0.82001 0.80968 0.80099 0.79483 0.78993 0.78395 0.77580 0.76901 0.76638 0.76602 0.76676 0.77026 0.77614 0.78294 -1.00000 -1.00000 -1.00000 -1.00000 0.80808 0.80800 0.80798 0.80801 0.80794 0.80638 -1.00000 -1.00000 0.73359 0.72806 0.72912 0.72936 0.72872 0.72744 -1.00000 -1.00000 -1.00000 -1.00000 -1.00000
-1.00000 -1.00000 -1.00000 -1.00000 -1.00000 -1.00000 -1.00000 -1.00000 -1.00000 -1.00000 -1.00000 -1.00000 -1.00000 -1.00000 -1.00000 -1.00000 -1.00000 -1.00000 -1.00000 -1.00000 -1.00000 -1.00000 0.83555 0.83574 0.83504 0.83218 0.82593 0.81491 0.79949 0.78445 0.77475 0.77004 0.76933 0.76993 0.76856 0.76662 0.76594 0.76593 0.76612 0.76805 -1.00000 -1.00000 -1.00000 -1.00000 -1.00000 -1.00000 0.80892 0.80821 0.80781 0.80756 0.80738 0.80724 -1.00000 -1.00000 -1.00000 -1.00000 -1.00000 -1.00000 -1.00000 -1.00000 -1.00000 -1.00000 -1.00000 -1.00000 -1.00000
-1.00000 -1.00000 -1.00000 -1.00000 -1.00000 -1.00000 -1.00000 -1.00000 -1.00000 -1.00000 -1.00000 -1.00000 -1.00000 -1.00000 -1.00000 -1.00000 -1.00000 -1.00000 -1.00000 -1.00000 -1.00000 -1.00000 -1.00000 -1.00000 0.83134 0.82299 0.81062 0.79287 0.77262 0.75669 0.74841 0.74624 0.75030 0.75818 0.76405 0.76603 0.76628 0.76648 0.76654 0.76745 -1.00000 -1.00000 -1.00000 -1.00000 -1.00000 -1.00000 0.80935 0.80855 0.80792 0.80742 0.80705 0.80685 -1.00000 -1.00000 -1.00000 -1.00000 -1.00000 -1.00000 -1.00000 -1.00000 -1.00000 -1.00000 -1.00000 -1.00000 -1.00000
-1.00000 -1.00000 -1.00000 -1.00000 -1.00000 -1.00000 -1.00000 -1.00000 -1.00000 -1.00000 -1.00000 -1.00000 -1.00000 -1.00000 -1.00000 -1.00000 -1.00000 -1.00000 -1.00000 -1.00000 -1.00000 -1.00000 -1.00000 -1.00000 0.82185 0.80581 0.78790 0.76682 0.74669 0.73304 0.72739 0.72847 0.73671 0.74989 0.76137 0.76611 0.76736 0.76760 -1.00000 -1.00000 -1.00000 -1.00000 -1.00000 -1.00000 -1.00000 -1.00000 -1.00000 0.83343 0.80791 -1.00000 -1.00000 -1.00000 -1.00000 -1.00000 -1.00000 -1.00000 -1.00000 -1.00000 -1.00000 -1.00000 -1.00000 -1.00000 -1.00000 -1.00000 -1.00000
-1.00000 -1.00000 -1.00000 -1.00000 -1.00000 -1.00000 -1.00000 -1.00000 -1.00000 -1.00000 -1.00000 -1.00000 -1.00000 -1.00000 -1.00000 -1.00000 -1.00000 -1.00000 -1.00000 -1.00000 -1.00000 -1.00000 -1.00000 -1.00000 0.80632 0.78127 0.75986 0.74094 0.72541 0.71590 0.71369 0.71822 0.72907 0.74449 0.75795 0.76468 0.76783 0.76894 -1.00000 -1.00000 -1.00000 -1.00000 -1.00000 -1.00000 -1.00000 -1.00000 -1.00000 -1.00000 -1.00000 -1.00000 -1.00000 -1.00000 -1.00000 -1.00000 -1.00000 -1.00000 -1.00000 -1.00000 -1.00000 -1.00000 -1.00000 -1.00000 -1.00000 -1.00000 -1.00000
-1.00000 -1.00000 -1.00000 -1.00000 -1.00000 -1.00000 -1.00000 -1.00000 -1.00000 -1.00000 -1.00000 -1.00000 -1.00000 -1.00000 -1.00000 -1.00000 -1.00000 -1.00000 -1.00000 -1.00000 -1.00000 -1.00000 -1.00000 -1.00000 -1.00000 -1.00000 0.73002 0.71678 0.70791 0.70406 0.70533 0.71160 0.72327 0.73899 0.75272 0.76163 0.76709 -1.00000 -1.00000 -1.00000 -1.00000 -1.00000 -1.00000 -1.00000 -1.00000 -1.00000 -1.00000 -1.00000 -1.00000 -1.00000 -1.00000 -1.00000 -1.00000 -1.00000 -1.00000 -1.00000 -1.00000 -1.00000 -1.00000 -1.00000 -1.00000 -1.00000 -1.00000 -1.00000 -1.00000
-1.00000 -1.00000 -1.00000 -1.00000 -1.00000 -1.00000 -1.00000 -1.00000 -1.00000 -1.00000 -1.00000 -1.00000 -1.00000 -1.00000 -1.00000 -1.00000 -1.00000 -1.00000 -1.00000 -1.00000 -1.00000 -1.00000 -1.00000 -1.00000 -1.00000 -1.00000 -1.00000 0.70036 0.69711 0.69701 0.69952 0.70613 0.71783 0.73245 0.74643 0.75839 0.76620 -1.00000 -1.00000 -1.00000 -1.00000 -1.00000 -1.00000 -1.00000 -1.00000 -1.00000 -1.00000 -1.00000 -1.00000 -1.00000 -1.00000 -1.00000 -1.00000 -1.00000 -1.00000 -1.00000 -1.00000 -1.00000 -1.00000 -1.00000 -1.00000 -1.00000 -1.00000 -1.00000 -1.00000
-1.00000 -1.00000 -1.00000 -1.00000 -1.00000 -1.00000 -1.00000 -1.00000 -1.00000 -1.00000 -1.00000 -1.00000 -1.00000 -1.00000 -1.00000 -1.00000 -1.00000 -1.00000 -1.00000 -1.00000 -1.00000 -1.00000 -1.00000 -1.00000 -1.00000 0.70041 0.69725 0.69499 0.69433 0.69462 0.69650 0.70188 0.71213 0.72603 0.74139 0.75619 0.76531 -1.00000 -1.00000 -1.00000 -1.00000 -1.00000 -1.00000 -1.00000 -1.00000 -1.00000 -1.00000 -1.00000 -1.00000 -1.00000 -1.00000 -1.00000 -1.00000 -1.00000 -1.00000 -1.00000 -1.00000 -1.00000 -1.00000 -1.00000 -1.00000 -1.00000 -1.00000 -1.00000 -1.00000
-1.00000 -1.00000 -1.00000 -1.00000 -1.00000 -1.00000 -1.00000 -1.00000 -1.00000 -1.00000 -1.00000 -1.00000 -1.00000 -1.00000 -1.00000 -1.00000 -1.00000 -1.00000 -1.00000 -1.00000 -1.00000 -1.00000 -1.00000 -1.00000 -1.00000 0.69725 0.69614 0.69478 0.69405 0.69391 0.69501 0.69914 0.70781 0.72120 0.73848 0.75535 -1.00000 -1.00000 -1.00000 -1.00000 -1.00000 -1.00000 -1.00000 -1.00000 -1.00000 -1.00000 -1.00000 -1.00000 -1.00000 -1.00000 -1.00000 -1.00000 -1.00000 -1.00000 -1.00000 -1.00000 -1.00000 -1.00000 -1.00000 -1.00000 -1.00000 -1.00000 -1.00000 -1.00000 -1.00000
-1.00000 -1.00000 -1.00000 -1.00000 -1.00000 -1.00000 -1.00000 -1.00000 -1.00000 -1.00000 -1.00000 -1.00000 -1.00000 -1.00000 -1.00000 -1.00000 -1.00000 -1.00000 -1.00000 -1.00000 -1.00000 -1.00000 -1.00000 -1.00000 -1.00000 -1.00000 0.69697 0.69578 0.69475 0.69413 0.69456 0.69747 0.70474 0.71745 -1.00000 -1.00000 -1.00000 -1.00000 -1.00000 -1.00000 -1.00000 -1.00000 -1.00000 -1.00000 -1.00000 -1.00000 -1.00000 -1.00000 -1.00000 -1.00000 -1.00000 -1.00000 -1.00000 -1.00000 -1.00000 -1.00000 -1.00000 -1.00000 -1.00000 -1.00000 -1.00000 -1.00000 -1.00000 -1.00000 -1.00000
