bin/SubsetTool/test.asc
ncols	101
nrows	146
xllcorner	122500.000000
yllcorner	2526600.000000
cellsize	2000.000000
NODATA_value	-1.00000
[rows 58 to 86 of 146, columns 0 to 64 of 101]
-1.00000 -1.00000 -1.00000 -1.00000 -1.00000 -1.00000 -1.00000 -1.00000 -1.00000 -1.00000 -1.00000 -1.00000 -1.00000 -1.00000 -1.00000 -1.00000 -1.00000 -1.00000 -1.00000 -1.00000 -1.00000 -1.00000 -1.00000 -1.00000 0.81770 0.82463 0.83145 0.83686 0.84271 0.84957 0.85916 0.87069 0.88047 0.88582 0.88700 0.88683 0.88657 0.88633 0.88573 0.88376 0.88000 0.87448 0.86823 0.86250 0.85864 0.85675 0.85233 0.84222 0.82783 0.81369 0.80337 0.79809 0.79659 0.79693 0.79740 0.79732 0.79710 0.79823 0.80497 0.81964 0.83909 0.85832 0.87345 0.88167 0.88193
-1.00000 -1.00000 -1.00000 -1.00000 -1.00000 -1.00000 -1.00000 -1.00000 -1.00000 -1.00000 -1.00000 -1.00000 -1.00000 -1.00000 -1.00000 -1.00000 -1.00000 -1.00000 -1.00000 -1.00000 -1.00000 -1.00000 -1.00000 -1.00000 0.84874 0.85137 0.85472 0.85732 0.86053 0.86489 0.87064 0.87671 0.88216 0.88510 0.88559 0.88545 0.88517 0.88491 0.88391 0.88102 0.87579 0.86830 0.85982 0.85240 0.84826 0.84708 0.84338 0.83398 0.82133 0.80950 0.80128 0.79740 0.79648 0.79661 0.79665 0.79654 0.79650 0.79687 0.80138 0.81396 0.83287 0.85310 0.87007 0.88038 0.88389
-1.00000 -1.00000 -1.00000 -1.00000 -1.00000 -1.00000 -1.00000 -1.00000 -1.00000 -1.00000 -1.00000 -1.00000 -1.00000 -1.00000 -1.00000 -1.00000 -1.00000 -1.00000 -1.00000 -1.00000 -1.00000 -1.00000 -1.00000 0.87256 0.86658 0.86401 0.86385 0.86473 0.86647 0.86956 0.87326 0.87721 0.88089 0.88340 0.88427 0.88433 0.88406 0.88355 0.88209 0.87852 0.87222 0.86305 0.85317 0.84598 0.84324 0.84238 0.83867 0.82997 0.81839 0.80772 0.80024 0.79666 0.79618 0.79657 0.79669 0.79676 0.79659 0.79607 0.79796 0.80766 0.82533 0.84640 0.86563 0.87835 0.88338
-1.00000 -1.00000 -1.00000 -1.00000 -1.00000 -1.00000 -1.00000 -1.00000 -1.00000 -1.00000 -1.00000 -1.00000 -1.00000 -1.00000 -1.00000 -1.00000 -1.00000 -1.00000 -1.00000 -1.00000 -1.00000 -1.00000 -1.00000 0.87747 0.86798 0.86273 0.86089 0.86076 0.86198 0.86438 0.86740 0.87147 0.87613 0.88033 0.88272 0.88324 0.88276 0.88138 0.87886 0.87454 0.86788 0.85892 0.84924 0.84362 0.84222 0.84165 0.83799 0.82948 0.81822 0.80757 0.80002 0.79620 0.79543 0.79591 0.79639 0.79684 0.79615 0.79428 0.79341 0.79985 0.81538 0.83652 0.85805 0.87404 0.88183
-1.00000 -1.00000 -1.00000 -1.00000 -1.00000 -1.00000 -1.00000 -1.00000 -1.00000 -1.00000 -1.00000 -1.00000 -1.00000 -1.00000 -1.00000 -1.00000 -1.00000 -1.00000 -1.00000 -1.00000 -1.00000 -1.00000 -1.00000 -1.00000 0.85836 0.85322 0.85117 0.85071 0.85168 0.85388 0.85719 0.86220 0.86835 0.87419 0.87784 0.87816 0.87626 0.87312 0.86905 0.86407 0.85835 0.85192 0.84581 0.84213 0.84178 0.84150 0.83851 0.83097 0.82017 0.80940 0.80113 0.79584 0.79335 0.79324 0.79400 0.79463 0.79360 0.79077 0.78777 0.79058 0.80288 0.82271 0.84588 0.86569 0.87786
-1.00000 -1.00000 -1.00000 -1.00000 -1.00000 -1.00000 -1.00000 -1.00000 -1.00000 -1.00000 -1.00000 -1.00000 -1.00000 -1.00000 -1.00000 -1.00000 -1.00000 -1.00000 -1.00000 -1.00000 -1.00000 -1.00000 -1.00000 -1.00000 -1.00000 0.84362 0.84247 0.84243 0.84300 0.84444 0.84746 0.85255 0.85878 0.86426 0.86650 0.86453 0.85988 0.85441 0.84881 0.84367 0.84014 0.83895 0.83992 0.84114 0.84145 0.84125 0.83953 0.83369 0.82410 0.81340 0.80326 0.79501 0.78981 0.78804 0.78835 0.78881 0.78793 0.78495 0.78083 0.78026 0.78856 0.80611 0.82998 0.85352 0.87093
-1.00000 -1.00000 -1.00000 -1.00000 -1.00000 -1.00000 -1.00000 -1.00000 -1.00000 -1.00000 -1.00000 -1.00000 -1.00000 -1.00000 -1.00000 -1.00000 -1.00000 -1.00000 -1.00000 -1.00000 -1.00000 -1.00000 -1.00000 -1.00000 -1.00000 0.83861 0.83851 0.83856 0.83845 0.83864 0.84051 0.84447 0.84931 0.85227 0.85024 0.84364 0.83420 0.82493 0.81820 0.81502 0.81587 0.82162 0.83141 0.83936 0.84141 0.84114 0.84040 0.83678 0.82947 0.81850 0.80469 0.79211 0.78401 0.78092 0.78060 0.78105 0.78039 0.77778 0.77340 0.77089 0.77548 0.79021 0.81377 0.83988 0.86201
-1.00000 -1.00000 -1.00000 -1.00000 -1.00000 -1.00000 -1.00000 -1.00000 -1.00000 -1.00000 -1.00000 -1.00000 -1.00000 -1.00000 -1.00000 -1.00000 -1.00000 -1.00000 -1.00000 -1.00000 -1.00000 -1.00000 -1.00000 -1.00000 -1.00000 0.83668 0.83712 0.83725 0.83706 0.83667 0.83716 0.83925 0.84184 0.84125 0.83397 0.82075 0.80434 0.79007 0.78276 0.78379 0.79153 0.80499 0.82254 0.83624 0.84106 0.84111 0.84078 0.83932 0.83429 0.82030 0.79983 0.78227 0.77272 0.77064 0.77201 0.77300 0.77285 0.77111 0.76768 0.76471 0.76638 0.77741 0.79863 0.82570 0.85136
-1.00000 -1.00000 -1.00000 -1.00000 -1.00000 -1.00000 -1.00000 -1.00000 -1.00000 -1.00000 -1.00000 -1.00000 -1.00000 -1.00000 -1.00000 -1.00000 -1.00000 -1.00000 -1.00000 -1.00000 -1.00000 -1.00000 -1.00000 -1.00000 -1.00000 0.83526 0.83605 0.83647 0.83675 0.83655 0.83587 0.83571 0.83602 0.83214 0.82060 0.80173 0.77910 0.75963 0.75195 0.75769 0.77189 0.79241 0.81581 0.83348 0.84081 0.84185 0.84198 0.84156 0.83318 0.80811 0.77902 0.75932 0.75258 0.75569 0.76242 0.76662 0.76696 0.76609 0.76425 0.76226 0.76230 0.76937 0.78679 0.81269 0.84011
-1.00000 -1.00000 -1.00000 -1.00000 -1.00000 -1.00000 -1.00000 -1.00000 -1.00000 -1.00000 -1.00000 -1.00000 -1.00000 -1.00000 -1.00000 -1.00000 -1.00000 -1.00000 -1.00000 -1.00000 -1.00000 -1.00000 -1.00000 -1.00000 -1.00000 0.83437 0.83531 0.83594 0.83636 0.83577 0.83367 0.83131 0.82934 0.82289 0.80927 0.78887 0.76477 0.74390 0.73576 0.74346 0.76072 0.78456 0.81062 0.83178 0.84218 0.84460 0.84497 0.84027 0.81756 0.77631 0.73975 0.72222 0.72294 0.73567 0.75172 0.76206 0.76367 0.76329 0.76253 0.76172 0.76191 0.76648 0.78049 0.80383 0.83055
-1.00000 -1.00000 -1.00000 -1.00000 -1.00000 -1.00000 -1.00000 -1.00000 -1.00000 -1.00000 -1.00000 -1.00000 -1.00000 -1.00000 -1.00000 -1.00000 -1.00000 -1.00000 -1.00000 -1.00000 -1.00000 -1.00000 -1.00000 -1.00000 -1.00000 0.83429 0.83513 0.83582 0.83563 0.83345 0.82923 0.82430 0.81934 0.81149 0.79827 0.77994 0.75956 0.74243 0.73624 0.74316 0.75868 0.78164 0.80826 0.83174 0.84543 0.84958 0.84751 0.82915 0.78707 0.73166 0.69078 0.67737 0.68758 0.71177 0.73901 0.75723 0.76042 0.75787 0.75690 0.75886 0.76169 0.76613 0.77789 0.79865 0.82357
-1.00000 -1.00000 -1.00000 -1.00000 -1.00000 -1.00000 -1.00000 -1.00000 -1.00000 -1.00000 -1.00000 -1.00000 -1.00000 -1.00000 -1.00000 -1.00000 -1.00000 -1.00000 -1.00000 -1.00000 -1.00000 -1.00000 -1.00000 -1.00000 -1.00000 0.83468 0.83521 0.83520 0.83347 0.82922 0.82220 0.81382 0.80541 0.79637 0.78572 0.77274 0.76023 0.75167 0.75052 0.75665 0.76946 0.78885 0.81238 0.83502 0.84990 0.85501 0.84397 0.80749 0.74969 0.68665 0.64421 0.63408 0.65126 0.68281 0.71652 0.73697 0.73818 0.73205 0.73095 0.73909 0.75235 0.76412 0.77642 0.79552 0.81923
-1.00000 -1.00000 -1.00000 -1.00000 -1.00000 -1.00000 -1.00000 -1.00000 -1.00000 -1.00000 -1.00000 -1.00000 -1.00000 -1.00000 -1.00000 -1.00000 -1.00000 -1.00000 -1.00000 -1.00000 -1.00000 -1.00000 -1.00000 -1.00000 -1.00000 0.83487 0.83452 0.83285 0.82913 0.82260 0.81284 0.80122 0.79039 0.78177 0.77509 0.77021 0.76843 0.77068 0.77604 0.78273 0.79242 0.80651 0.82424 0.84229 0.85546 0.85714 0.83315 0.78038 0.71257 0.64929 0.60811 0.59947 0.61712 0.64591 0.67193 0.68214 0.67825 0.67274 0.67826 0.69835 0.72777 0.75482 0.77444 0.79393 0.81689
-1.00000 -1.00000 -1.00000 -1.00000 -1.00000 -1.00000 -1.00000 -1.00000 -1.00000 -1.00000 -1.00000 -1.00000 -1.00000 -1.00000 -1.00000 -1.00000 -1.00000 -1.00000 -1.00000 -1.00000 -1.00000 -1.00000 -1.00000 -1.00000 -1.00000 0.82312 0.83215 0.82865 0.82301 0.81434 0.80252 0.78920 0.77844 0.77255 0.77164 0.77538 0.78362 0.79538 0.80644 0.81371 0.82022 0.82883 0.83985 0.85184 0.86053 0.85430 0.81812 0.75480 0.68258 0.62201 0.58462 0.57600 0.58595 0.59913 0.60427 0.59757 0.58644 0.58451 0.60388 0.64347 0.69415 0.74092 0.77283 0.79572 0.81812
-1.00000 -1.00000 -1.00000 -1.00000 -1.00000 -1.00000 -1.00000 -1.00000 -1.00000 -1.00000 -1.00000 -1.00000 -1.00000 -1.00000 -1.00000 -1.00000 -1.00000 -1.00000 -1.00000 -1.00000 -1.00000 -1.00000 -1.00000 -1.00000 -1.00000 -1.00000 0.82863 0.82371 0.81667 0.80682 0.79429 0.78161 0.77278 0.77093 0.77619 0.78741 0.80325 0.82053 0.83445 0.84225 0.84588 0.84926 0.85454 0.85978 0.86062 0.84359 0.79726 0.73014 0.66073 0.60526 0.57241 0.56228 0.55722 0.54597 0.52859 0.50647 0.48773 0.49037 0.52609 0.58859 0.66371 0.73068 0.77403 0.80071 0.82262
-1.00000 -1.00000 -1.00000 -1.00000 -1.00000 -1.00000 -1.00000 -1.00000 -1.00000 -1.00000 -1.00000 -1.00000 -1.00000 -1.00000 -1.00000 -1.00000 -1.00000 -1.00000 -1.00000 -1.00000 -1.00000 -1.00000 -1.00000 -1.00000 -1.00000 -1.00000 0.82561 0.82031 0.81277 0.80265 0.79041 0.77915 0.77274 0.77437 0.78522 0.80270 0.82253 0.84094 0.85445 0.86141 0.86295 0.86314 0.86391 0.86138 0.85024 0.81992 0.76615 0.70121 0.64112 0.59497 0.56793 0.55436 0.53234 0.49785 0.46184 0.43015 0.40898 0.42027 0.47299 0.55586 0.65032 0.73062 0.78038 0.80822 0.82936
-1.00000 -1.00000 -1.00000 -1.00000 -1.00000 -1.00000 -1.00000 -1.00000 -1.00000 -1.00000 -1.00000 -1.00000 -1.00000 -1.00000 -1.00000 -1.00000 -1.00000 -1.00000 -1.00000 -1.00000 -1.00000 -1.00000 -1.00000 -1.00000 -1.00000 -1.00000 0.82505 0.82081 0.81366 0.80374 0.79195 0.78145 0.77641 0.78038 0.79544 0.81702 0.83814 0.85469 0.86459 0.86858 0.86899 0.86857 0.86634 0.85342 0.82705 0.78398 0.72685 0.66883 0.62053 0.58628 0.56613 0.54971 0.51605 0.46606 0.41722 0.38186 0.36904 0.39521 0.46468 0.56251 0.66280 0.74199 0.79210 0.81848 0.83752
-1.00000 -1.00000 -1.00000 -1.00000 -1.00000 -1.00000 -1.00000 -1.00000 -1.00000 -1.00000 -1.00000 -1.00000 -1.00000 -1.00000 -1.00000 -1.00000 -1.00000 -1.00000 -1.00000 -1.00000 -1.00000 -1.00000 -1.00000 -1.00000 -1.00000 -1.00000 0.82607 0.82398 0.81867 0.80986 0.79864 0.78865 0.78406 0.78918 0.80562 0.82846 0.84902 0.86236 0.86811 0.86932 0.86946 0.86924 0.86189 0.83555 0.79273 0.73900 0.68277 0.63475 0.59927 0.57748 0.56467 0.54719 0.50786 0.45117 0.39691 0.36256 0.36257 0.40569 0.48800 0.59189 0.68885 0.76081 0.80513 0.82905 0.84539
-1.00000 -1.00000 -1.00000 -1.00000 -1.00000 -1.00000 -1.00000 -1.00000 -1.00000 -1.00000 -1.00000 -1.00000 -1.00000 -1.00000 -1.00000 -1.00000 -1.00000 -1.00000 -1.00000 -1.00000 -1.00000 -1.00000 -1.00000 -1.00000 -1.00000 -1.00000 0.82589 0.82610 0.82368 0.81687 0.80734 0.79849 0.79420 0.79873 0.81395 0.83493 0.85338 0.86419 0.86785 0.86840 0.86870 0.86660 0.85054 0.81097 0.75382 0.69214 0.63710 0.59642 0.57344 0.56312 0.55466 0.53101 0.48440 0.43117 0.38437 0.35790 0.36586 0.41470 0.50080 0.60975 0.70935 0.77809 0.81498 0.83559 0.84887
-1.00000 -1.00000 -1.00000 -1.00000 -1.00000 -1.00000 -1.00000 -1.00000 -1.00000 -1.00000 -1.00000 -1.00000 -1.00000 -1.00000 -1.00000 -1.00000 -1.00000 -1.00000 -1.00000 -1.00000 -1.00000 -1.00000 -1.00000 -1.00000 -1.00000 0.81733 0.82387 0.82572 0.82554 0.82195 0.81541 0.80820 0.80298 0.80467 0.81606 0.83317 0.84886 0.85841 0.86281 0.86502 0.86599 0.85991 0.83542 0.78786 0.72304 0.65418 0.59344 0.55834 0.54440 0.53558 0.51801 0.48295 0.43798 0.39579 0.36612 0.35070 0.36039 0.40174 0.47733 0.58839 0.70436 0.78027 0.81752 0.83517 0.84449
-1.00000 -1.00000 -1.00000 -1.00000 -1.00000 -1.00000 -1.00000 -1.00000 -1.00000 -1.00000 -1.00000 -1.00000 -1.00000 -1.00000 -1.00000 -1.00000 -1.00000 -1.00000 -1.00000 -1.00000 -1.00000 -1.00000 -1.00000 0.76877 0.79350 0.81126 0.82089 0.82449 0.82519 0.82375 0.81912 0.81208 0.80493 0.80261 0.80819 0.81928 0.83167 0.84243 0.85039 0.85627 0.85970 0.85209 0.82307 0.77339 0.70795 0.63188 0.55916 0.51761 0.50470 0.49287 0.46866 0.43637 0.40221 0.37082 0.35072 0.34197 0.34781 0.37333 0.42506 0.52021 0.65500 0.75746 0.80691 0.82775 0.83423
-1.00000 -1.00000 -1.00000 -1.00000 -1.00000 -1.00000 -1.00000 -1.00000 -1.00000 -1.00000 -1.00000 -1.00000 -1.00000 -1.00000 -1.00000 -1.00000 -1.00000 -1.00000 -1.00000 -1.00000 -1.00000 0.73900 0.74595 0.76391 0.78614 0.80364 0.81486 0.82000 0.82135 0.81962 0.81420 0.80584 0.79707 0.79132 0.79098 0.79588 0.80558 0.81915 0.83254 0.84354 0.85108 0.84657 0.82026 0.77300 0.71020 0.62697 0.53018 0.47567 0.46004 0.44613 0.42436 0.40112 0.37735 0.35530 0.34223 0.33751 0.33948 0.35220 0.38231 0.44817 0.57444 0.71025 0.78062 0.81374 0.82242
-1.00000 -1.00000 -1.00000 -1.00000 -1.00000 -1.00000 -1.00000 -1.00000 -1.00000 -1.00000 -1.00000 -1.00000 -1.00000 -1.00000 -1.00000 -1.00000 -1.00000 -1.00000 -1.00000 -1.00000 0.73944 0.73915 0.74397 0.75746 0.77660 0.79283 0.80330 0.80864 0.80950 0.80665 0.80023 0.79085 0.78120 0.77354 0.76964 0.77071 0.77942 0.79506 0.81287 0.82907 0.84176 0.84446 0.82760 0.78888 0.73059 0.63817 0.51209 0.43782 0.41464 0.40217 0.38902 0.37459 0.35922 0.34513 0.33800 0.33617 0.33633 0.34123 0.35673 0.40038 0.50461 0.65115 0.74461 0.79414 0.81174
-1.00000 -1.00000 -1.00000 -1.00000 -1.00000 -1.00000 -1.00000 -1.00000 -1.00000 -1.00000 -1.00000 -1.00000 -1.00000 -1.00000 -1.00000 -1.00000 -1.00000 -1.00000 -1.00000 -1.00000 0.73885 0.73865 0.74150 0.75055 0.76537 0.77914 0.78707 0.79060 0.79005 0.78624 0.77981 0.77131 0.76282 0.75607 0.75203 0.75226 0.75975 0.77501 0.79501 0.81576 0.83328 0.84285 0.83807 0.81302 0.76330 0.66734 0.51360 0.41015 0.37391 0.36347 0.35817 0.35199 0.34463 0.33836 0.33607 0.33572 0.33559 0.33683 0.34327 0.37070 0.45520 0.59675 0.70723 0.77344 0.80206
-1.00000 -1.00000 -1.00000 -1.00000 -1.00000 -1.00000 -1.00000 -1.00000 -1.00000 -1.00000 -1.00000 -1.00000 -1.00000 -1.00000 -1.00000 -1.00000 -1.00000 -1.00000 -1.00000 -1.00000 0.73822 0.73798 0.73913 0.74405 0.75367 0.76327 0.76777 0.76865 0.76661 0.76223 0.75702 0.75178 0.74767 0.74565 0.74539 0.74618 0.75076 0.76240 0.78178 0.80547 0.82676 0.83989 0.84378 0.83338 0.79786 0.70562 0.53572 0.40178 0.34936 0.33597 0.33417 0.33408 0.33377 0.33442 0.33527 0.33541 0.33548 0.33567 0.33728 0.35354 0.42504 0.55731 0.67556 0.75417 0.79201
-1.00000 -1.00000 -1.00000 -1.00000 -1.00000 -1.00000 -1.00000 -1.00000 -1.00000 -1.00000 -1.00000 -1.00000 -1.00000 -1.00000 -1.00000 -1.00000 -1.00000 -1.00000 -1.00000 -1.00000 0.73794 0.73774 0.73778 0.73941 0.74370 0.74807 0.74906 0.74714 0.74367 0.73933 0.73570 0.73540 0.73936 0.74549 0.75089 0.75347 0.75521 0.76160 0.77651 0.79828 0.82034 0.83584 0.84331 0.84270 0.82308 0.73778 0.56079 0.41171 0.34951 0.32855 0.32390 0.32493 0.32813 0.33218 0.33556 0.33675 0.33673 0.33762 0.34091 0.35734 0.42149 0.53813 0.65557 0.73787 0.78022
-1.00000 -1.00000 -1.00000 -1.00000 0.79103 -1.00000 -1.00000 -1.00000 -1.00000 -1.00000 -1.00000 -1.00000 -1.00000 -1.00000 -1.00000 -1.00000 -1.00000 -1.00000 -1.00000 -1.00000 0.73834 0.73814 0.73780 0.73774 0.73815 0.73739 0.73484 0.73081 0.72606 0.72178 0.71998 0.72476 0.73751 0.75318 0.76484 0.77006 0.77073 0.77257 0.78132 0.79732 0.81618 0.83186 0.84137 0.84440 0.83660 0.75743 0.58240 0.43173 0.35891 0.33074 0.32178 0.32113 0.32577 0.33645 0.34698 0.35354 0.35721 0.36008 0.36899 0.39573 0.44892 0.54141 0.64848 0.72524 0.76598
-1.00000 -1.00000 -1.00000 0.79135 0.79239 0.79297 -1.00000 -1.00000 -1.00000 -1.00000 -1.00000 -1.00000 -1.00000 -1.00000 -1.00000 -1.00000 -1.00000 -1.00000 -1.00000 -1.00000 -1.00000 0.73907 0.73863 0.73789 0.73610 0.73265 0.72762 0.72213 0.71671 0.71247 0.71154 0.71955 0.73828 0.76143 0.77979 0.78954 0.79151 0.79057 0.79389 0.80337 0.81705 0.83018 0.83917 0.84321 0.84102 0.77272 0.61114 0.46014 0.37403 0.33564 0.32120 0.31965 0.33177 0.35876 0.38331 0.40001 0.41081 0.41776 0.42724 0.45682 0.50522 0.56980 0.65137 0.71398 0.74812
-1.00000 -1.00000 -1.00000 0.79237 0.79277 0.79314 0.79354 -1.00000 -1.00000 -1.00000 -1.00000 -1.00000 -1.00000 -1.00000 -1.00000 -1.00000 -1.00000 -1.00000 -1.00000 -1.00000 0.74043 0.73963 0.73900 0.73808 0.73539 0.73086 0.72583 0.72061 0.71522 0.71091 0.70956 0.71738 0.73739 0.76488 0.78987 0.80552 0.81103 0.80970 0.80944 0.81373 0.82151 0.83028 0.83734 0.84161 0.84152 0.79131 0.64896 0.49519 0.39807 0.34683 0.32363 0.32221 0.35094 0.39845 0.43261 0.45379 0.46725 0.47580 0.48604 0.51346 0.56913 0.61538 0.65943 0.70094 0.72678
