bin/SubsetTool/test.asc
ncols	101
nrows	146
xllcorner	122500.000000
yllcorner	2526600.000000
cellsize	2000.000000
NODATA_value	-1.00000
[rows 87 to 115 of 146, columns 0 to 64 of 101]
-1.00000 -1.00000 -1.00000 0.79234 0.79228 0.79263 0.79215 0.78819 -1.00000 -1.00000 -1.00000 -1.00000 -1.00000 -1.00000 -1.00000 -1.00000 -1.00000 -1.00000 -1.00000 -1.00000 0.73944 0.73736 0.73676 0.73657 0.73460 0.73106 0.72707 0.72296 0.71868 0.71516 0.71288 0.71740 0.73456 0.76238 0.79198 0.81371 0.82377 0.82400 0.82210 0.82277 0.82594 0.83081 0.83570 0.83961 0.84138 0.80639 0.67045 0.52248 0.42596 0.36655 0.33238 0.33015 0.37834 0.43424 0.46682 0.48921 0.50865 0.52296 0.53321 0.55673 0.60960 0.64973 0.66688 0.68690 0.70494
-1.00000 -1.00000 0.79236 0.79191 0.79181 0.79138 0.78867 0.78051 0.76629 0.74953 -1.00000 -1.00000 -1.00000 -1.00000 -1.00000 -1.00000 -1.00000 -1.00000 -1.00000 -1.00000 -1.00000 0.73011 0.73019 0.73240 0.73332 0.73219 0.72990 0.72721 0.72433 0.72148 0.71816 0.71845 0.73096 0.75629 0.78703 0.81316 0.82782 0.83129 0.82975 0.82834 0.82859 0.83061 0.83363 0.83667 0.83914 0.80631 0.66975 0.53473 0.44450 0.38581 0.34638 0.34969 0.40029 0.44326 0.47135 0.49611 0.52259 0.54983 0.56676 0.58606 0.62429 0.65634 0.67103 0.67705 0.68992
-1.00000 -1.00000 0.79165 0.79136 0.79136 0.78979 0.78436 0.77333 0.75810 0.74334 0.74032 -1.00000 -1.00000 -1.00000 -1.00000 -1.00000 -1.00000 -1.00000 -1.00000 -1.00000 -1.00000 -1.00000 0.72240 0.72622 0.73118 0.73336 0.73293 0.73115 0.72898 0.72619 0.72183 0.71899 0.72682 0.74900 0.77939 0.80753 0.82557 0.83243 0.83233 0.83044 0.82904 0.82908 0.83065 0.83302 0.83528 0.80132 0.65688 0.52871 0.44528 0.39060 0.35795 0.37649 0.40952 0.43436 0.45679 0.47816 0.50298 0.53403 0.55537 0.56345 0.59194 0.62799 0.65708 0.67334 0.68613
-1.00000 0.79167 0.79131 0.79111 0.79087 0.78820 0.78076 0.76787 0.75183 0.73956 0.74149 0.76088 0.79219 0.82491 -1.00000 0.85116 0.85141 0.84766 0.83000 0.79825 0.76092 0.73289 0.71838 0.71731 0.72487 0.73126 0.73341 0.73235 0.73006 0.72682 0.72188 0.71742 0.72169 0.74082 0.76994 0.79907 0.81978 0.82986 0.83143 0.82961 0.82755 0.82656 0.82734 0.82924 0.83103 0.79878 0.64486 0.51300 0.43365 0.38331 0.36362 0.39626 0.41792 0.43142 0.44709 0.46120 0.47411 0.49128 0.50635 0.50617 0.53018 0.58002 0.62778 0.66544 0.69136
-1.00000 0.79162 0.79148 0.79121 0.79070 0.78734 0.77863 0.76413 0.74730 0.73646 0.74113 0.76238 0.79222 0.82154 0.84130 0.84920 0.85066 0.84893 0.83818 0.81437 0.78089 0.74698 0.72146 -1.00000 0.71269 0.72106 0.72633 0.72748 0.72611 0.72268 0.71773 0.71312 0.71509 0.73059 0.75702 0.78647 0.81004 0.82402 0.82884 0.82815 0.82604 0.82455 0.82468 0.82611 0.82746 0.79506 0.63800 0.49933 0.41977 0.37304 0.36754 0.41262 0.43267 0.44233 0.45536 0.46475 0.46892 0.47126 0.47042 0.46100 0.47575 0.53229 0.59742 0.65759 0.69968
0.79104 0.79136 0.79142 0.79112 0.79060 0.78703 0.77740 0.76175 0.74402 0.73344 0.73929 0.76037 0.78827 0.81522 0.83470 0.84443 0.84844 0.84931 0.84339 0.82421 0.79383 0.75877 0.72775 0.70739 0.70219 0.70779 0.71380 0.71722 0.71758 0.71517 0.71086 0.70671 0.70718 0.71853 0.74064 0.76869 0.79457 0.81349 0.82382 0.82636 0.82522 0.82377 0.82356 0.82442 0.82482 0.78833 0.63386 0.49052 0.41103 0.36949 0.37423 0.42914 0.45304 0.46766 0.48233 0.49044 0.49064 0.48206 0.46498 0.44305 0.44592 0.50673 0.58764 0.66109 0.70762
0.79094 0.79089 0.79080 0.79034 0.78921 0.78500 0.77498 0.75920 0.74168 0.73144 0.73607 0.75430 0.77971 0.80564 0.82594 0.83803 0.84490 0.84840 0.84635 0.83075 0.80226 0.76687 0.73318 0.70835 0.69849 0.70137 0.70659 0.71010 0.71106 0.70881 0.70421 0.70051 0.70032 0.70747 0.72379 0.74753 0.77394 0.79832 0.81593 0.82442 0.82599 0.82520 0.82492 0.82527 0.82365 0.79022 0.64248 0.49461 0.41521 0.37903 0.38803 0.44522 0.48162 0.50229 0.51834 0.52588 0.52238 0.50782 0.47844 0.44803 0.44829 0.51845 0.61215 0.67676 0.71369
0.79092 0.78998 0.78868 0.78699 0.78424 0.77885 0.76860 0.75412 0.73906 0.73099 0.73376 0.74658 0.76725 0.79217 0.81444 0.83029 0.84067 0.84662 0.84733 0.83538 0.80900 0.77398 0.73891 0.71228 0.70125 0.70419 0.71146 0.71768 0.71991 0.71570 0.70707 0.69945 0.69653 0.69999 0.71034 0.72843 0.75361 0.78178 0.80683 0.82285 0.82886 0.82922 0.82893 0.82910 0.82596 0.80183 0.68160 0.52945 0.44311 0.40738 0.41179 0.46370 0.51031 0.53623 0.55493 0.56017 0.55328 0.53474 0.50292 0.46777 0.46603 0.53613 0.62776 0.68076 0.71952
0.79034 0.78802 0.78477 0.78101 0.77613 0.76903 0.75875 0.74674 0.73642 0.73241 0.73507 0.74350 0.75787 0.77858 0.80159 0.82148 0.83612 0.84488 0.84806 0.83943 0.81614 0.78324 0.74863 0.72262 0.71217 0.71577 0.72745 0.74039 -1.00000 0.74348 -1.00000 0.71184 0.69817 0.69614 0.70120 0.71607 0.74305 0.77381 0.80220 0.82282 0.83284 0.83515 0.83480 0.83457 0.83193 0.81675 0.74265 0.60842 0.50871 0.46168 0.45133 0.48631 0.52970 0.56105 0.58158 0.58500 0.57486 0.55276 0.52080 0.48571 0.47441 0.51791 0.58870 0.64764 0.71023
-1.00000 0.78489 0.77972 0.77395 0.76692 0.75804 0.74826 0.73997 0.73542 0.73636 0.74094 0.74703 0.75585 0.77088 0.79162 0.81341 0.83178 0.84347 0.84869 0.84421 0.82596 0.79715 0.76568 0.74245 0.73310 0.73710 0.75129 0.76785 0.77779 0.77341 0.75655 0.73365 -1.00000 -1.00000 0.69715 0.71617 0.74815 0.77947 0.80546 0.82525 0.83693 0.84069 0.84056 0.84017 0.83902 0.83171 0.79986 0.71166 0.61223 0.54337 0.50695 0.51250 0.53918 0.56999 0.59349 0.59744 0.58340 0.55671 0.52170 0.48495 0.46556 0.48851 0.53927 0.59900 0.67346
-1.00000 0.78151 0.77432 0.76670 0.75770 0.74805 0.74018 0.73689 0.73804 0.74277 0.74868 0.75404 0.75932 0.76870 0.78469 0.80585 0.82616 0.84053 0.84796 0.84771 0.83585 0.81316 0.78693 0.76729 0.75992 0.76431 0.77753 0.79195 0.79797 0.79045 0.77314 0.74920 0.72163 0.70051 -1.00000 0.72569 0.76088 0.78926 0.81015 0.82599 0.83711 0.84215 0.84310 0.84326 0.84323 0.84211 0.83345 0.79615 0.72376 0.63927 0.57053 0.54033 0.54493 0.56863 0.59370 0.60015 0.58260 0.55040 0.51029 0.46894 0.44684 0.45927 0.49862 0.55789 0.63696
-1.00000 -1.00000 0.76994 0.76049 0.74961 0.74049 0.73658 0.73864 0.74391 0.75028 0.75587 0.75995 0.76279 0.76761 0.77843 0.79617 0.81601 0.83231 0.84307 0.84743 0.84222 0.82694 0.80692 0.79082 0.78479 0.78860 0.79842 0.80750 0.80850 0.79814 0.77804 0.75188 0.72488 0.70423 0.70149 0.73103 0.76812 0.79440 0.81127 0.82253 0.83064 0.83584 0.83886 0.84110 0.84324 0.84474 0.84408 0.83385 0.79912 0.72792 0.63586 0.57102 0.55450 0.56083 0.58380 0.59507 0.57792 0.53916 0.49009 0.44326 0.42207 0.43029 0.46684 0.52874 0.61472
-1.00000 -1.00000 -1.00000 -1.00000 -1.00000 -1.00000 0.73861 0.74402 0.75083 0.75699 0.76135 0.76365 0.76469 0.76637 0.77202 0.78443 0.80162 0.81875 0.83299 0.84173 0.84329 0.83573 0.82196 0.80920 0.80323 0.80489 0.81024 0.81475 0.81340 0.80102 0.77757 0.74855 0.72185 0.70378 0.70035 0.72436 -1.00000 0.78922 0.80562 0.81473 0.81969 0.82361 0.82834 0.83328 0.83860 0.84295 0.84428 0.84059 0.82764 0.78689 0.70117 0.61943 0.57949 0.57074 0.57716 0.58915 0.57190 0.51976 0.45929 0.41217 0.39441 0.40502 0.44639 0.51647 0.61169
-1.00000 -1.00000 -1.00000 -1.00000 -1.00000 -1.00000 -1.00000 0.75078 0.75670 0.76136 0.76401 0.76497 0.76544 0.76563 0.76740 0.77407 0.78665 0.80341 0.82014 0.83273 0.83890 0.83764 0.82950 0.81996 0.81402 0.81304 0.81483 0.81630 0.81353 0.80025 0.77570 0.74552 0.71850 0.70105 0.69657 0.71124 0.74306 0.77338 0.79310 0.80316 0.80730 0.81039 0.81546 0.82206 0.83008 0.83751 0.84082 0.83901 0.83179 0.81385 0.76012 0.68607 0.63616 0.61400 0.60471 0.59588 0.56121 0.49400 0.42844 0.38561 0.37297 0.39216 0.44341 0.52517 0.62653
-1.00000 -1.00000 -1.00000 -1.00000 -1.00000 -1.00000 -1.00000 -1.00000 -1.00000 0.76371 0.76469 0.76507 0.76545 0.76543 0.76537 0.76760 0.77531 0.78941 0.80620 0.82159 0.83139 0.83380 0.82966 0.82303 0.81806 0.81614 0.81618 0.81639 0.81219 0.79850 0.77402 0.74361 0.71619 0.69900 0.69373 0.70004 0.72105 0.75038 0.77534 0.78990 0.79597 0.79915 0.80374 0.81056 0.81944 0.82861 0.83417 0.83370 0.82857 0.82020 0.79793 0.75505 0.71267 0.68606 0.66914 0.64031 0.57641 0.48502 0.41115 0.37328 0.37055 0.39993 0.45766 0.54391 0.64853
-1.00000 -1.00000 -1.00000 -1.00000 -1.00000 -1.00000 -1.00000 -1.00000 0.76360 0.76462 0.76482 0.76487 0.76529 0.76541 0.76507 0.76527 0.76901 0.77891 0.79391 0.80999 0.82209 0.82756 0.82658 0.82212 0.81851 0.81697 0.81690 0.81697 0.81216 0.79781 0.77315 0.74280 0.71579 0.69908 0.69415 0.69593 0.70536 0.72788 -1.00000 0.77761 0.78716 0.79074 0.79465 0.80073 0.80897 0.81810 0.82515 0.82627 0.82198 0.81694 0.81220 0.79843 0.77925 0.76446 0.74670 0.68920 0.59295 0.48605 0.40810 0.37774 0.38514 0.42214 0.48275 0.56811 0.66968
-1.00000 -1.00000 -1.00000 -1.00000 -1.00000 -1.00000 -1.00000 -1.00000 -1.00000 0.76529 0.76515 0.76520 0.76545 0.76555 0.76526 0.76489 0.76590 0.77195 0.78387 0.79859 0.81134 0.81934 0.82173 0.82049 0.81851 0.81749 0.81759 0.81775 0.81273 0.79756 0.77272 0.74393 0.71839 0.70255 0.69797 0.69882 0.70209 0.71554 -1.00000 0.76810 0.78095 0.78485 0.78791 0.79332 0.80060 0.80871 0.81591 0.81826 0.81553 0.81224 0.81151 0.81190 0.81021 0.80905 0.80370 0.73372 0.60944 0.49125 0.41706 0.39611 0.41242 0.45610 0.52016 0.60257 0.69027
-1.00000 -1.00000 -1.00000 -1.00000 -1.00000 -1.00000 -1.00000 -1.00000 -1.00000 -1.00000 0.76574 0.76571 0.76572 0.76574 0.76543 0.76486 0.76456 0.76749 0.77614 0.78874 0.80131 0.81050 0.81564 0.81744 0.81741 0.81726 0.81737 0.81666 0.81146 0.79608 0.77232 0.74642 0.72359 0.70940 0.70496 0.70575 0.70804 0.71552 0.73443 0.75909 0.77414 0.77953 0.78270 0.78782 0.79483 0.80219 0.80869 0.81176 0.81097 0.80945 0.80954 0.81068 0.81211 0.81360 0.81336 0.76698 0.64721 0.52656 0.45275 0.43611 0.45963 0.50997 0.57593 0.65015 0.71412
-1.00000 -1.00000 -1.00000 -1.00000 -1.00000 -1.00000 -1.00000 -1.00000 -1.00000 -1.00000 0.76619 0.76603 0.76600 0.76593 0.76567 0.76532 0.76496 0.76634 0.77227 0.78240 0.79366 0.80307 0.80925 0.81211 0.81302 0.81330 0.81279 0.81027 0.80425 0.79062 0.76975 0.74761 0.72877 0.71766 0.71461 0.71604 0.71888 0.72344 0.73368 -1.00000 0.76392 0.77195 0.77751 0.78356 0.79097 0.79861 0.80490 0.80829 0.80876 0.80833 0.80845 0.80871 0.80868 0.80870 0.80741 0.78829 0.71252 0.61016 0.53998 0.51999 0.54280 0.59156 0.65003 0.70526 0.74060
-1.00000 -1.00000 -1.00000 -1.00000 -1.00000 -1.00000 -1.00000 -1.00000 -1.00000 0.76711 0.76649 0.76616 0.76610 0.76603 0.76601 0.76613 0.76659 0.76835 0.77296 0.78053 0.78943 0.79687 0.80117 0.80242 0.80271 0.80247 0.80106 0.79719 0.79025 0.77929 0.76383 0.74672 0.73342 0.72678 0.72579 0.72758 0.73009 0.73264 0.73688 0.74389 0.75244 0.76201 0.77132 0.78012 0.78881 0.79723 0.80343 0.80585 0.80540 0.80440 0.80397 0.80275 0.80086 0.79810 0.79431 0.78498 0.75786 0.70901 0.66331 0.64578 0.65885 0.69147 0.72722 0.75265 0.76044
-1.00000 -1.00000 -1.00000 -1.00000 -1.00000 -1.00000 -1.00000 -1.00000 -1.00000 0.76729 0.76648 0.76605 0.76600 0.76596 0.76663 0.76775 0.76964 0.77261 0.77687 0.78243 0.78747 0.79027 0.78983 0.78774 0.78580 0.78454 0.78277 0.77925 0.77365 0.76586 0.75580 0.74518 0.73782 0.73590 0.73670 0.73803 0.73859 0.73890 0.73994 0.74129 0.74538 0.75439 0.76675 0.77904 0.78987 0.79842 0.80263 0.80174 0.79799 0.79440 0.79233 0.78993 0.78635 0.78129 0.77655 0.77287 0.76436 0.75105 0.73837 0.73447 0.74375 0.75869 0.77007 0.77353 0.76936
-1.00000 -1.00000 -1.00000 -1.00000 -1.00000 -1.00000 -1.00000 -1.00000 -1.00000 -1.00000 -1.00000 -1.00000 0.76551 0.76619 0.76849 0.77114 0.77452 0.77851 0.78279 0.78626 0.78626 0.78320 0.77741 0.77051 0.76535 0.76287 0.76175 0.76060 0.75844 0.75431 0.74904 0.74475 0.74389 0.74585 0.74791 0.74827 0.74653 0.74433 0.74307 0.74375 0.74895 0.75931 0.77302 0.78691 0.79839 -1.00000 0.80357 0.79723 0.78892 0.78132 0.77597 0.77152 0.76693 0.76200 0.75854 0.75802 0.75925 0.75969 0.75965 0.76252 0.76801 0.77321 0.77562 0.77600 0.77238
-1.00000 -1.00000 -1.00000 -1.00000 -1.00000 -1.00000 -1.00000 -1.00000 -1.00000 -1.00000 -1.00000 -1.00000 -1.00000 -1.00000 0.77258 0.77696 0.78078 0.78463 0.78846 0.79038 0.78644 0.77783 0.76654 0.75536 0.74708 0.74318 0.74336 0.74542 0.74741 0.74754 0.74667 0.74772 0.75179 0.75687 0.76026 0.76078 0.75840 0.75390 0.74976 0.75114 0.76035 0.77502 0.79093 0.80475 0.81442 0.81567 0.80841 0.79674 0.78338 0.77055 0.76026 0.75312 0.74850 0.74500 0.74344 0.74571 0.75128 0.75760 0.76284 0.76734 0.77063 0.77325 0.77534 0.77638 0.77484
-1.00000 -1.00000 -1.00000 -1.00000 -1.00000 -1.00000 -1.00000 -1.00000 -1.00000 -1.00000 -1.00000 -1.00000 -1.00000 -1.00000 -1.00000 0.78375 0.78680 0.78949 0.79214 0.79238 0.78642 0.77452 0.75975 0.74579 0.73567 0.73145 0.73268 0.73707 0.74202 0.74559 0.74881 0.75390 0.76125 0.76861 0.77323 0.77447 0.77241 0.76656 0.76031 0.76142 0.77256 0.78949 0.80669 0.81990 0.82762 0.82665 0.81738 0.80284 0.78542 0.76760 0.75208 0.74163 0.73615 0.73367 0.73400 0.73864 0.74661 0.75498 0.76209 0.76711 0.77046 0.77316 0.77521 0.77646 0.77640
-1.00000 -1.00000 -1.00000 -1.00000 -1.00000 -1.00000 -1.00000 -1.00000 -1.00000 -1.00000 -1.00000 -1.00000 -1.00000 -1.00000 -1.00000 0.78951 0.79073 0.79210 0.79355 0.79273 0.78633 0.77376 0.75767 0.74239 0.73188 0.72827 0.73026 0.73538 0.74125 0.74673 0.75279 0.76099 0.77041 0.77883 0.78414 0.78605 0.78413 0.77793 0.77127 0.77173 0.78252 0.79960 0.81633 0.82782 0.83304 0.83243 0.82487 0.81100 0.79286 0.77287 0.75396 0.74010 0.73236 0.72939 0.73086 0.73681 0.74561 0.75456 0.76209 0.76722 0.77070 0.77339 0.77535 0.77658 0.77715
-1.00000 -1.00000 -1.00000 -1.00000 -1.00000 -1.00000 -1.00000 -1.00000 -1.00000 -1.00000 -1.00000 -1.00000 -1.00000 -1.00000 -1.00000 0.79205 0.79237 0.79294 0.79359 0.79259 0.78702 0.77547 0.75961 0.74383 0.73274 0.72830 0.73024 0.73542 0.74126 0.74783 0.75646 0.76676 0.77720 0.78620 0.79182 0.79381 0.79181 0.78613 0.78045 0.78098 0.79091 0.80660 0.82205 0.83185 0.83486 0.83286 0.82678 0.81508 0.79916 0.78056 0.76168 0.74668 0.73675 0.73191 0.73286 0.73896 0.74743 0.75585 0.76305 0.76826 0.77159 0.77388 0.77561 0.77667 0.77720
-1.00000 -1.00000 -1.00000 -1.00000 -1.00000 -1.00000 -1.00000 -1.00000 -1.00000 -1.00000 -1.00000 -1.00000 -1.00000 -1.00000 -1.00000 0.79201 0.79262 0.79322 0.79370 0.79305 0.78891 0.77904 0.76401 0.74823 0.73606 0.73012 0.73066 0.73510 0.74058 0.74800 0.75834 0.76975 0.78068 0.79013 0.79611 0.79785 0.79607 0.79164 0.78751 0.78872 0.79796 0.81227 0.82557 0.83338 0.83480 0.83180 0.82409 0.81181 0.79691 0.78029 0.76458 0.75287 -1.00000 0.73904 0.73849 0.74364 0.75128 0.75909 0.76595 0.77080 0.77355 0.77516 0.77632 0.77702 0.77726
-1.00000 -1.00000 -1.00000 -1.00000 -1.00000 -1.00000 -1.00000 -1.00000 -1.00000 -1.00000 -1.00000 -1.00000 -1.00000 -1.00000 0.79169 0.79223 0.79198 0.79118 0.79111 0.79170 0.79059 0.78402 0.77092 0.75540 0.74213 0.73434 0.73276 0.73556 0.74051 0.74797 0.75822 0.76967 0.78064 0.79052 0.79717 0.79933 0.79821 0.79508 0.79276 0.79495 0.80374 0.81655 0.82758 0.83340 0.83427 0.83110 0.82162 0.80683 0.79042 0.77441 0.76149 0.75423 0.75048 -1.00000 0.74597 0.75001 0.75697 0.76428 0.77021 0.77415 0.77640 0.77761 0.77832 0.77874 -1.00000
-1.00000 -1.00000 -1.00000 -1.00000 -1.00000 -1.00000 -1.00000 -1.00000 -1.00000 -1.00000 -1.00000 -1.00000 -1.00000 -1.00000 0.79209 0.78960 0.78516 0.78074 0.77854 0.78044 0.78512 0.78620 0.77887 0.76516 0.75199 0.74315 0.73978 0.74112 0.74502 0.75037 0.75817 0.76811 0.77874 0.78881 0.79636 0.79945 0.79896 0.79697 0.79625 0.79981 0.80868 0.81994 0.82891 0.83317 0.83377 0.83112 0.82102 0.80453 0.78628 0.76972 0.75817 0.75323 0.75225 0.75171 0.73529 -1.00000 0.76199 0.76903 0.77422 0.77751 0.77951 0.78054 0.78113 0.78175 -1.00000
